NF_RATIO	OMEGA	GAMMA
0.01 261594.38371846278 -206.13243784529803
0.05 258847.30155965270 -533.57003047208900
0.06 261514.78321471432 402.38498028461015
0.07 258115.93332403951 3341.4270262791679
0.08 254411.53534886206 6478.3939996393801
0.09 251076.61501772710 9093.8599663390796
0.1 247993.13272519558 11515.368996306934
0.11 245173.93444100107 13811.345021928166
0.12 242604.19626207958 15983.874748306158
0.13 240250.92487304311 18029.805984690978
0.15 236060.91818413988 21762.129618908537
0.17 232395.95187912276 25077.950274790590
0.2 227612.12262643222 29425.688550799321
0.25 220959.50048219922 35417.708311295894
0.3 215419.58608914574 40281.723351554239
0.4 206427.36307423271 47793.817504199389
0.5 199205.32309177602 53401.561194632573
0.6 193131.73889033505 57790.487314812257
0.7 187874.64455156974 61338.133871411272
0.8 183233.46726094701 64273.704616762356
0.9 179076.59458552938 66746.305381628263
